FOV = 134

[position]
x = 13.214238927655087
y = 3.247500000001793
z = 50.24538594286415
w = 1.0

[rotation]
x = -0.09900000000000037
y = -32.09800000000005
z = 0.0
w = 1.0
