FOV = 134

[position]
x = 1.7455455422936423
y = 3.247500000001793
z = 11.580376282678744
w = 1.0

[rotation]
x = 0.030999999999999587
y = -31.596000000000032
z = 0.0
w = 1.0
