FOV = 106

[position]
x = -19.320562709574503
y = 0.24750000000179284
z = -37.68298035504569
w = 1.0

[rotation]
x = 0.005000000000016441
y = 2.6059999999999732
z = 0.0
w = 1.0
