FOV = 179

[position]
x = -3.4012130225066715
y = 3.247500000001793
z = -2.9519047898371618
w = 1.0

[rotation]
x = -0.5999999999999923
y = 843.9000000000075
z = 0.0
w = 1.0
